<?xml version="1.0" encoding="utf-8" ?>
<ogr:FeatureCollection
     xmlns:xsi="http://www.w3.org/2001/XMLSchema-instance"
     xsi:schemaLocation="                            http://schemas.opengis.net/gml/2.1.2/feature.xsd"
     xmlns:ogr="http://ogr.maptools.org/"
     xmlns:gml="http://www.opengis.net/gml">
  <gml:boundedBy>
    <gml:Box>
      <gml:coord><gml:X>3326.195713775053</gml:X><gml:Y>1627.82946790224</gml:Y></gml:coord>
      <gml:coord><gml:X>8724.41287291242</gml:X><gml:Y>6451.688291514184</gml:Y></gml:coord>
    </gml:Box>
  </gml:boundedBy>
                                                                                                  
  <gml:featureMember>
    <ogr:road_buffer fid="road_buffer.0">
      <ogr:geometryProperty><gml:Polygon srsName="EPSG:31370"><gml:outerBoundaryIs><gml:LinearRing><gml:coordinates>4196.33147731094,6142.18950421284 4213.30529484914,6129.37034016668 4229.57367389515,6115.66700875138 4245.09061139282,6101.11825968641 4259.81222918167,6085.76523332867 4367.83236971535,5966.94307874162 4380.95683566628,5951.75756399988 4393.30304169719,5935.93281562554 4404.8399022632,5919.50867751271 4415.53836960698,5902.52650271196 4425.37150689579,5885.02904931073 4513.12056078968,5719.28083640007 4588.31069699938,5606.49563208551 4599.64855713324,5588.46669111768 4610.01075137253,5569.85984518981 4619.36790355815,5550.72784352215 4627.69348676106,5531.12492411794 4634.96389848444,5511.10666000216 4678.17195469791,5381.48249136175 4716.11866661941,5267.64235559723 4741.97074585849,5207.32083737273 4748.20141446984,5191.9053409462 4753.78605307149,5176.24422434776 4800.52268838024,5036.0343184215 4857.62381480463,4913.67476179779 4944.15219925702,4769.46078771048 4954.36577116437,4751.39146998225 4963.6282849701,4732.81667167193 5036.95693324491,4575.68385394021 5120.95611617249,4407.68548808503 5132.41600900329,4382.64620373122 5181.12733253957,4265.73902724415 5272.18431291964,4083.62506648401 5276.88669251779,4073.89381441646 5352.50079089136,3911.86360361594 5363.82262886484,3885.10754852029 5443.13654605986,3676.90851588335 5548.6762112697,3465.82918546368 5641.11414323737,3301.49508418781 5642.14683883616,3299.64776080625 5696.156909103,3202.42963432594 5703.6878401926,3188.20734616076 5710.64058963943,3173.69363957495 5764.65065990627,3054.8714849879 5770.37530831111,3041.65022936916 5833.69903689024,2887.8640313913 5903.19760640357,2774.92885593213 5905.53145000676,2771.08818783742 5940.82162740922,2712.27122549999 6008.85169781731,2649.47423743098 6138.57165359127,2571.64226396661 6253.65930267152,2542.87035169654 6273.6005149389,2537.3331809838 6293.2286431308,2530.77202332093 6312.49114370417,2523.20444260739 6331.33645188326,2514.65069688813 6349.71411969607,2505.13368412378 6367.57495102106,2494.67888089392 6384.87113328279,2483.31427419752 6401.55636544387,2471.07028653314 6417.58598195056,2457.97969445932 6432.91707230031,2444.07754085339 6447.50859591103,2429.40104110337 6461.3214919848,2413.98948348416 6521.9608420541,2342.70444218545 6527.19536366398,2338.68785248503 6543.11944978758,2325.0873980932 6558.30991971866,2310.67218037686 6572.725137435,2295.48171044578 6586.32559182683,2279.55762432217 6599.07400499402,2262.94356881923 6610.93543442221,2245.68508190825 6621.87736875782,2227.82946790224 6631.86981691939,2209.42566779806 6640.88539030108,2190.52412513256 6648.89937784292,2171.17664772036 6655.8898137621,2151.43626565222 6661.83753775967,2131.35708594325 6666.72624753756,2110.99414422934 6670.54254348209,2090.40325391833 6673.27596539135,2069.6408532093 6674.91902114587,2048.76385039942 6675.46720724404,2027.82946790224 6674.91902114587,2006.89508540506 6673.27596539135,1986.01808259518 6670.5425434821,1965.25568188615 6666.72624753756,1944.66479157514 6661.83753775967,1924.30184986123 6655.8898137621,1904.22267015226 6648.89937784292,1884.48228808412 6640.88539030108,1865.13481067192 6631.86981691939,1846.23326800642 6621.87736875782,1827.82946790224 6610.93543442221,1809.97385389623 6599.07400499402,1792.71536698525 6586.32559182683,1776.10131148231 6572.725137435,1760.1772253587 6558.30991971866,1744.98675542762 6543.11944978758,1730.57153771128 6527.19536366398,1716.97108331945 6510.58130816103,1704.22267015226 6493.32282125005,1692.36124072407 6475.46720724404,1681.41930638847 6457.06340713986,1671.42685822689 6438.16186447436,1662.4112848452 6418.81438706216,1654.39729730336 6399.07400499402,1647.40686138418 6378.99482528505,1641.45913738661 6358.63188357115,1636.57042760872 6338.04099326013,1632.75413166419 6317.2785925511,1630.02070975493 6296.40158974122,1628.37765400041 6275.46720724404,1627.82946790224 6264.66519319067,1627.82946790224 6244.29943567717,1628.34825943193 6223.98650607614,1629.90328829773 6203.77909526668,1632.49052082064 6183.72962041661,1636.10324582905 6163.89008901458,1640.7320920673 6144.31196396478,1646.36505250429 6125.04603009446,1652.9875154792 6106.14226242012,1660.58230260356 6087.6496965145,1669.12971332121 6069.61630131037,1678.60757601075 6052.08885467116,1688.99130549777 6035.11282205113,1700.25396682773 6018.73223855993,1712.36634513415 6002.9895947374,1725.29702142067 5987.92572633489,1739.01245406064 5973.57970838905,1753.47706580267 5959.98875386286,1768.65333605649 5935.12424968932,1797.88298981856 5886.79857778857,1809.96440779375 5867.81590372806,1815.20981763402 5849.11441798439,1821.38320162167 5830.73945485706,1828.46959484737 5812.73555712163,1836.45181917471 5795.14636805348,1845.31052488178 5778.01452563208,1855.02423756687 5561.97424456473,1984.64840620729 5544.67354768597,1995.64130449721 5527.95870588582,2007.50604170034 5511.87361212212,2020.21146117064 5496.46050564251,2033.72419864131 5356.03432294873,2163.34836728173 5339.7328732904,2179.27967347961 5324.36534737974,2196.11365475317 5309.98164585721,2213.79564866348 5296.62847473925,2232.26823914851 5284.34919375695,2251.4714429617 5220.69324318529,2357.56469391446 5135.45484061299,2496.07709809445 5124.69701891314,2514.65802359339 5114.95168880819,2533.78941301677 5106.24692790493,2553.41614625845 5033.37608196677,2730.38820067968 4989.01083213288,2827.99175031424 4943.33492220594,2910.20838818273 4846.63558705742,3082.11831733566 4837.49492550727,3099.3373749887 4718.67277092022,3336.9816841628 4710.20598794117,3355.02565739626 4702.6485533486,3373.46899132599 4621.40720123792,3586.72754061653 4554.22563062034,3730.68804908278 4459.4244336394,3920.29044304466 4447.96454080859,3945.32972739849 4399.25321727231,4062.23690388557 4318.99825094561,4222.74683653898 4314.29587134748,4232.47808860649 4247.46811665906,4375.68042008166 4160.93973220667,4519.89439416898 4150.72616029932,4537.96371189722 4141.46364649358,4556.53851020755 4065.84954812001,4718.56872100807 4056.73672430287,4739.65608004027 4048.84948489791,4761.23180073378 4000.10075892304,4907.4779786584 3974.24867968396,4967.7994968829 3968.01801107261,4983.21499330943 3962.43337247096,4998.87610990787 3919.22531625749,5128.50027854829 3892.95670661453,5207.30610747719 3836.25434910215,5292.35964374577 3825.46787951965,5309.46054079418 3815.55930029847,5327.08463406822 3741.94523111277,5466.13343141898 3696.58836929286,5516.02597942088 3655.72682396207,5545.2127975143 3639.01044292259,5557.82673756012 3622.97713371665,5571.29825842612 3607.67084253032,5585.59043561 3593.1335228438,5600.66409524754 3579.40502043988,5616.47792148542 3566.5229641894,5632.98856972514 3554.52266291312,5650.15078542752 3543.43700860271,5667.91752815224 3533.29638626607,5686.24010049244 3524.12859064416,5705.06828155093 3515.95875002754,5724.35046459216 3508.80925738146,5744.0337984927 3502.69970896831,5764.06433260249 3497.64685063562,5784.38716461986 3493.66453191686,5804.94659107486 3490.76366807083,5825.68626000865 3488.95221016369,5846.54932543027 3488.23512327565,5867.47860312759 3488.61437289204,5888.41672740521 3490.08891951601,5909.30630831986 3492.65472151777,5930.0900889823 3496.30474621236,5950.71110249437 3501.02898913582,5971.1128280914 3506.81450146667,5991.23934606163 3513.64542551775,6011.03549101828 3521.50303820106,6030.44700310404 3530.36580234641,6049.42067671355 3540.20942573331,6067.9045063263 3551.00692767428,6085.84782905012 3562.72871296703,6103.20146348464 3575.34265301285,6119.91784452411 3588.81417387885,6135.95115373006 3603.10635106273,6151.25744491639 3618.18001070027,6165.79476460291 3633.99383693815,6179.52326700683 3650.50448517787,6192.40532325731 3667.66670088025,6204.40562453359 3685.43344360497,6215.491278844 3703.75601594517,6225.63190118064 3722.58419700366,6234.79969680255 3741.86638004489,6242.96953741917 3761.54971394543,6250.11903006525 3781.58024805522,6256.2285784784 3801.90308007259,6261.28143681109 3822.46250652759,6265.26375552985 3843.20217546138,6268.16461937588 3864.065240883,6269.97607728302 3884.99451858032,6270.69316417106 3905.93264285793,6270.31391455467 3926.82222377259,6268.8393679307 3947.60600443503,6266.27356592894 3968.2270179471,6262.62354123435 3988.62874354413,6257.89929831089 4008.75526151436,6252.11378598004 4028.55140647101,6245.28286192896 4047.96291855677,6237.42524924565 4066.93659216628,6228.5624851003 4085.42042177903,6218.7188617134 4103.36374450285,6207.92135977243 4120.71737893737,6196.19957447968 4196.33147731094,6142.18950421284</gml:coordinates></gml:LinearRing></gml:outerBoundaryIs></gml:Polygon></ogr:geometryProperty>
    </ogr:road_buffer>
  </gml:featureMember>
  <gml:featureMember>
    <ogr:road_buffer fid="road_buffer.1">
      <ogr:geometryProperty><gml:Polygon srsName="EPSG:31370"><gml:outerBoundaryIs><gml:LinearRing><gml:coordinates>3771.1944762722,5280.39624052323 3990.24913397652,5371.6690145667 4120.02661320108,5458.18733404974 4141.13596441387,5471.33125356204 4163.02125349118,5483.13809271456 4422.26959077201,5612.76226135498 4439.72872727896,5620.97164278556 4457.56339724846,5628.32962743625 4597.98957994225,5682.33969770309 4614.71593327341,5688.34984541012 4631.69276050685,5693.61103427819 4858.53505562757,5758.42311859839 4875.77529586408,5762.9360254162 5102.61759098481,5816.94609568305 5116.81934785198,5820.05588008528 5278.8495586525,5852.46192224538 5297.07140222768,5855.66990825626 5315.42209890054,5858.03183313757 5508.66862095549,5878.37357230125 5725.95544429886,5914.58804285848 6392.86446650217,6133.57309492523 6495.58630795395,6184.93401565113 6508.01499366316,6193.21980612393 6653.73272905169,6336.71147321211 6669.03370083953,6351.00934511265 6685.06199597546,6364.4868312867 6701.77368201664,6377.10699088147 6719.12295339324,6388.83523291673 6737.06225695834,6399.63941109628 6755.54242232783,6409.48991191871 6774.51279665296,6418.35973584597 6793.92138345633,6426.22457130722 6813.71498515058,6433.06286133513 6833.8393488493,6438.85586265206 6854.23931507043,6443.58769704406 6874.85896892453,6447.24539488197 6895.64179337364,6449.81893067027 6916.53082414055,6451.30125052624 6937.46880584391,6451.68829151418 6958.39834893124,6450.97899278167 6979.26208697973,6449.17529846721 7000.00283393363,6446.28215237155 7020.56374084719,6442.30748440704 7040.88845170375,6437.26218886229 7060.92125788359,6431.16009454171 7080.60725085744,6424.01792686166 7099.89247268691,6415.85526200731 7118.72406391947,6406.69447327566 7137.05040847253,6396.56066975185 7154.8212751095,6385.48162748695 7171.98795512017,6373.48771336572 7188.50339582788,6360.61180187307 7204.32232955762,6346.88918498742 7219.40139771159,6332.35747544779 7233.69926961213,6317.05650365995 7247.17675578618,6301.02820852402 7259.79691538095,6284.31652248284 7271.52515741621,6266.96725110624 7282.32933559576,6249.02794754114 7292.17983641819,6230.54778217165 7301.04966034545,6211.57740784652 7308.9144958067,6192.16882104315 7315.75278583461,6172.3752193489 7321.54578715154,6152.25085565018 7326.27762154354,6131.85088942906 7329.93531938145,6111.23123557496 7332.50885516975,6090.44841112584 7333.99117502572,6069.55938035893 7334.37821601366,6048.62139865558 7333.66891728115,6027.69185556825 7331.86522296669,6006.82811751975 7328.97207687103,5986.08737056585 7324.99740890652,5965.52646365229 7319.95211336177,5945.20175279573 7313.85001904119,5925.16894661589 7306.70785136114,5905.48295364204 7298.54518650679,5886.19773181257 7289.38439777514,5867.36614058001 7279.25059425133,5849.03979602696 7268.17155198643,5831.26892938998 7256.1776378652,5814.10224937931 7243.30172637255,5797.5868086716 7229.5791094869,5781.76787494186 7215.04739994727,5766.68880678789 7042.21517509339,5596.49686683825 7028.38812250984,5583.51222667725 7013.96105490094,5571.19768310198 6998.96641407667,5559.580927539 6983.43791813568,5548.68808231521 6918.62583381547,5505.48002610174 6897.51648260268,5492.33610658945 6875.63119352538,5480.52926743693 6724.40299677823,5404.91516906335 6706.74002490681,5396.61594787142 6688.69328547735,5389.18810540619 6670.3057362319,5382.64932260896 5946.57079465624,5145.00501343487 5927.14857330088,5139.16868041029 5907.45550515558,5134.32424725715 5887.54221192472,5130.48416675636 5628.29387464389,5087.27611054289 5604.40819352898,5084.03149890719 5417.58511873216,5064.36591208647 5280.84139582384,5037.01716750481 5069.74211595396,4986.75543420245 4868.57185076099,4929.27821557589 4762.76931605587,4888.584932997 4543.06613906262,4778.73334450037 4401.75655938074,4684.52695804578 4385.42785149527,4674.20186738867 4368.61965110346,4664.67723627374 4351.3711669253,4655.97528293887 4333.72263473681,4648.11630655015 4074.47429745598,4540.09616601647 4065.60664807179,4536.52506663072 3871.17039511117,4460.91096825715 3851.46076482627,4453.83429159583 3831.40778126458,4447.79883562208 3811.06640826018,4442.82114310121 3790.49240010257,4438.91485754242 3769.74214871802,4436.09068580291 3748.87252910324,4434.3563687411 3727.94074343497,4433.71665999952 3707.00416428278,4434.17331297536 3686.12017735484,4435.72507601455 3665.34602420768,4438.36769584247 3644.7386453511,4442.09392922185 3624.35452417813,4446.893562806 3604.24953214803,4452.7534411329 3584.47877564648,4459.65750268336 3565.09644494278,4467.58682390457 3546.15566565817,4476.51967107822 3527.70835315209,4486.43155989112 3509.80507022586,4497.295322545 3492.49488853356,4509.08118222157 3475.82525407997,4521.75683469867 3459.84185717445,4535.28753689393 3444.58850719692,4549.63620209315 3430.10701251941,4564.76350160238 3416.43706591226,4580.62797254514 3403.61613574892,4597.18613150932 3391.67936330779,4614.39259373214 3380.65946645242,4632.20019749664 3370.58664995412,4650.5601333987 3361.48852270274,4669.4220781302 3353.39002203268,4688.7343324117 3346.31334537136,4708.4439626966 3340.27788939761,4728.49694625829 3335.30019687674,4748.83831926269 3331.39391131795,4769.4123274203 3328.56973957844,4790.16257880485 3326.83542251663,4811.03219841963 3326.19571377505,4831.9639840879 3326.65236675089,4852.90056324009 3328.20412979008,4873.78455016803 3330.846749618,4894.55870331519 3334.57298299738,4915.16608217177 3339.37261658153,4935.55020334474 3345.23249490843,4955.65519537484 3352.13655645889,4975.42595187639 3360.0658776801,4994.80828258008 3368.99872485375,5013.7490618647 3378.91061366665,5032.19637437078 3389.77437632053,5050.09965729701 3401.5602359971,5067.40983898931 3414.2358884742,5084.0794734429 3427.76659066946,5100.06287034842 3442.11525586868,5115.31622032595 3457.24255537791,5129.79771500345 3473.10702632067,5143.46766161061 3489.66518528485,5156.28859177395 3506.87164750766,5168.22536421508 3524.67925127217,5179.24526107045 3543.03918717423,5189.31807756875 3561.90113190572,5198.41620482013 3581.21338618723,5206.51470549019 3771.1944762722,5280.39624052323</gml:coordinates></gml:LinearRing></gml:outerBoundaryIs></gml:Polygon></ogr:geometryProperty>
    </ogr:road_buffer>
  </gml:featureMember>
  <gml:featureMember>
    <ogr:road_buffer fid="road_buffer.2">
      <ogr:geometryProperty><gml:Polygon srsName="EPSG:31370"><gml:outerBoundaryIs><gml:LinearRing><gml:coordinates>6465.42809479247,5855.59973843232 6476.92668710025,5837.97386117971 6487.48234746575,5819.76762026531 6497.06585721583,5801.03141160788 6591.56437996592,5603.64034293811 6668.33171442074,5450.10567402847 6798.75570037081,5239.42077364758 6805.09341457444,5229.28043092177 7293.49734488806,5135.02704086125 7536.19030244086,5125.69269633999 8324.41287291242,5125.69269633999 8345.3472554096,5125.14451024182 8366.22425821948,5123.5014544873 8386.98665892851,5120.76803257804 8407.57754923952,5116.95173663351 8427.94049095343,5112.06302685562 8448.0196706624,5106.11530285805 8467.76005273054,5099.12486693887 8487.10753014274,5091.11087939703 8506.00907280824,5082.09530601534 8524.41287291242,5072.10285785377 8542.26848691843,5061.16092351816 8559.52697382941,5049.29949408997 8576.14102933236,5036.55108092278 8592.06511545596,5022.95062653095 8607.25558538704,5008.53540881461 8621.67080310338,4993.34493888353 8635.27125749521,4977.42085275992 8648.0196706624,4960.80679725698 8659.88110009059,4943.548310346 8670.8230344262,4925.69269633999 8680.81548258777,4907.28889623581 8689.83105596946,4888.38735357031 8697.8450435113,4869.03987615811 8704.83547943048,4849.29949408997 8710.78320342805,4829.220314381 8715.67191320594,4808.85737266709 8719.48820915048,4788.26648235608 8722.22163105973,4767.50408164705 8723.86468681425,4746.62707883717 8724.41287291242,4725.69269633999 8723.86468681425,4704.75831384281 8722.22163105973,4683.88131103293 8719.48820915048,4663.1189103239 8715.67191320594,4642.52802001289 8710.78320342805,4622.16507829898 8704.83547943048,4602.08589859001 8697.8450435113,4582.34551652187 8689.83105596946,4562.99803910967 8680.81548258777,4544.09649644417 8670.8230344262,4525.69269633999 8659.88110009059,4507.83708233398 8648.0196706624,4490.578595423 8635.27125749521,4473.96453992006 8621.67080310338,4458.04045379645 8607.25558538704,4442.84998386537 8592.06511545596,4428.43476614903 8576.14102933236,4414.8343117572 8559.52697382941,4402.08589859001 8542.26848691843,4390.22446916182 8524.41287291242,4379.28253482622 8506.00907280824,4369.29008666464 8487.10753014274,4360.27451328295 8467.76005273054,4352.26052574111 8448.0196706624,4345.27008982193 8427.94049095343,4339.32236582436 8407.57754923953,4334.43365604647 8386.98665892851,4330.61736010194 8366.22425821948,4327.88393819268 8345.3472554096,4326.24088243816 8324.41287291242,4325.69269633999 7528.50083743472,4325.69269633999 7513.12758859424,4325.98822648746 7232.27522320667,4336.79024054083 7212.02585035549,4338.08408199119 7191.86814143999,4340.40311149564 7171.8539661667,4343.74136174011 6556.13916512473,4462.56351632715 6534.75259830026,4467.30160869797 6513.65747433007,4473.20334611451 6492.91705680004,4480.25102945957 6472.5935455431,4488.42352296159 6452.74789010388,4497.69631758024 6433.43960695308,4508.04160450813 6414.72660099951,4519.4283585686 6396.66499193515,4531.82243125913 6277.8428373481,4618.23854368608 6260.48621463386,4631.60323536636 6243.88725836032,4645.89805912822 6228.09575163324,4661.08014235293 6213.15905587925,4677.10395137908 6199.12196880084,4693.92142806574 6186.02659002036,4711.48213392711 6173.9121948161,4729.73340140607 6119.90212454926,4816.14951383301 6118.99538747614,4817.60724398778 5978.56920478236,5044.44953910851 5969.37798868467,5060.0775223483 5960.90438705754,5076.10594675504 5874.4882746306,5248.93817160892 5871.47243379038,5255.10144949631 5789.15334747886,5427.05178211603 5654.66387298627,5621.81167075322 5643.21949520017,5639.34948976317 5632.70866006439,5657.46222625671 5623.16017704742,5676.10023448214 5614.60021787752,5695.21242895442 5607.05224480778,5714.74642447696 5600.53694630771,5734.64867972583 5595.07218035764,5754.8646440028 5590.6729255012,5775.33890675495 5587.35123979014,5796.01534945125 5585.11622773411,5816.83729939946 5583.97401534582,5837.74768508209 5583.92773335001,5858.68919258545 5584.97750860243,5879.6044226931 5587.12046374208,5900.43604821311 5590.35072507787,5921.12697110791 5594.65943868801,5941.62047899607 5600.034794688,5961.86040059695 5606.46205960067,5981.7912596923 5613.92361673965,6001.35842718272 5622.39901449548,6020.50827082221 5631.86502239201,6039.18830222045 5642.29569475959,6057.3473207098 5653.66244185027,6074.93555368281 5665.93410820038,6091.90479301544 5679.07705802544,6108.20852720219 5693.05526741353,6123.80206884092 5707.83042306435,6138.6426771179 5723.36202730325,6152.68967495738 5739.60750908261,6165.9045605147 5756.52234066607,6178.25111270708 5774.06015967602,6189.69549049318 5792.17289616956,6200.20632562896 5810.81090439499,6209.75480864593 5829.92309886727,6218.31476781583 5849.45709438981,6225.86274088557 5869.35934963868,6232.37803938564 5889.57531391564,6237.84280533571 5910.0495766678,6242.24206019215 5930.7260193641,6245.56374590321 5951.54796931231,6247.79875795924 5972.45835499494,6248.94097034753 5993.3998624983,6248.98725234334 6014.31509260595,6247.93747709092 6035.14671812595,6245.79452195127 6055.83764102076,6242.56426061548 6076.33114890892,6238.25554700534 6096.5710705098,6232.88019100535 6116.50192960515,6226.45292609268 6136.06909709557,6218.9913689537 6155.21894073506,6210.51597119787 6173.8989721333,6201.04996330134 6192.05799062265,6190.61929093376 6209.64622359566,6179.25254384308 6226.61546292828,6166.98087749297 6242.91919711504,6153.83792766791 6258.51273875377,6139.85971827982 6273.35334703075,6125.084562629 6287.40034487023,6109.5529583901 6300.61523042755,6093.30747661074 6312.96178261993,6076.39264502728 6465.42809479247,5855.59973843232</gml:coordinates></gml:LinearRing></gml:outerBoundaryIs></gml:Polygon></ogr:geometryProperty>
    </ogr:road_buffer>
  </gml:featureMember>
  <gml:featureMember>
    <ogr:road_buffer fid="road_buffer.3">
      <ogr:geometryProperty><gml:Polygon srsName="EPSG:31370"><gml:outerBoundaryIs><gml:LinearRing><gml:coordinates>4272.43901370208,3129.91770443621 4539.33018039858,3245.57054333804 4561.78471348791,3254.50520234294 4584.73782357577,3262.06753829743 4848.22693922402,3340.13838737839 5124.0394058057,3468.19417543416 5143.17557211837,3476.479546333 5162.71752143287,3483.75638967798 5182.61214358809,3490.00492881754 5202.80536994582,3495.20818177538 5223.24232033582,3499.35200740322 5243.86745220655,3502.42514381295 5748.69053860089,3564.24021561634 5940.80864805541,3612.26974297997 5969.86013146688,3618.39678921958 6283.11853901455,3672.40685948642 6303.28568825012,3675.35702093269 6323.57693204336,3677.27607960093 6343.93958705086,3678.15905292686 6948.85237403947,3688.96106698023 6955.99409260622,3689.02482724205 7398.87666879431,3689.02482724205 7423.73164541685,3688.25186808109 7448.49056263,3685.93597792752 7596.61199296761,3667.42079913531 7722.93709039534,3667.42079913531 7747.88840485742,3666.64183052847 7920.72062971131,3655.8398164751 7931.98361366621,3654.97606766902 8032.73587671117,3645.81677102858 8111.80959631659,3645.81677102858 8132.05474617994,3645.30410988553 8152.24800153494,3643.76744056363 8364.85127813077,3622.16341245689 8385.62298752948,3619.50165228886 8406.22692425868,3615.75643269644 8426.60661435997,3610.93801906623 8446.70619851934,3605.05961833504 8466.47058517374,3598.13734279069 8485.84560151314,3590.19016590928 8504.77814196449,3581.23987035024 8523.21631375041,3571.31098825157 8541.10957912365,3560.43073398895 8558.40889388757,3548.62892958305 8575.06684182286,3535.93792295939 8591.03776465211,3522.39249928501 8606.27788718597,3508.02978562466 8620.7454373079,3492.88914917814 8634.40076046865,3477.01208937754 8647.2064283766,3460.44212414017 8659.12734158613,3443.22467058898 8670.13082570274,3425.40692056739 8680.18672094131,3407.03771128971 8689.26746479198,3388.16739148174 8697.34816756703,3368.84768337842 8704.40668062185,3349.13154095676 8710.42365706278,3329.07300479268 8715.38260477564,3308.72705393956 8719.26993162944,3288.14945523446 8722.07498273146,3267.3966104451 8723.79006963163,3246.52540167653 8724.41049139596,3225.59303546125 8723.93454749152,3204.65688596006 8722.36354244747,3183.77433770349 8719.70178227944,3163.00262830478 8715.95656268702,3142.39869157558 8711.13814905681,3122.0190014743 8705.25974832562,3101.91941731492 8698.33747278127,3082.15503066052 8690.39029589986,3062.78001432112 8681.44000034082,3043.84747386977 8671.51111824215,3025.40930208385 8660.63086397953,3007.51603671061 8648.82905957363,2990.21672194669 8636.13805294998,2973.5587740114 8622.59262927559,2957.58785118215 8608.22991561524,2942.34772864829 8593.08927916872,2927.88017852636 8577.21221936812,2914.22485536561 8560.64225413075,2901.41918745766 8543.42480057956,2889.49827424813 8525.60705055797,2878.49479013152 8507.2378412803,2868.43889489295 8488.36752147233,2859.35815104228 8469.047813369,2851.27744826723 8449.33167094734,2844.21893521241 8429.27313478326,2838.20195877148 8408.92718393015,2833.24301105862 8388.34958522505,2829.35568420482 8367.59674043568,2826.5506331028 8346.72553166711,2824.83554620263 8325.79316545183,2824.2151244383 8304.85701595064,2824.69106834274 8283.97446769407,2826.26207338679 8091.53846590101,2845.81677102858 8014.59146983628,2845.81677102858 7996.46570136752,2846.22766142045 7978.3771714193,2847.4594884415 7865.18041010517,2857.75010310641 7710.44927364278,2867.42079913531 7571.70889364819,2867.42079913531 7546.85391702565,2868.19375829627 7522.0949998125,2870.50964844984 7373.97356947489,2889.02482724205 6959.56523651093,2889.02482724205 6388.85382618792,2878.83355205771 6120.4251819106,2832.55275132024 5918.79686701711,2782.14567259687 5894.73620655367,2776.91171957877 5870.39909318358,2773.16811717684 5403.71357501981,2716.02295168739 5158.4720574751,2602.16081854164 5140.54720770382,2594.36512326583 5122.26292344113,2587.45440310387 5103.66286676979,2581.44516055765 4835.21134172603,2501.9039679521 4533.35570890501,2371.09986039631 4514.3963808685,2363.45349448959 4495.07115169211,2356.78577010597 4475.43049924058,2351.11410346787 4455.52572527018,2346.45330907601 4435.40882142764,2342.81556101362 4415.13233344689,2340.21036114756 4394.74922389867,2338.64451430925 4374.31273385128,2338.12211052028 4352.70870574454,2338.12211052028 4331.77432324736,2338.67029661845 4310.89732043748,2340.31335237297 4290.13491972845,2343.04677428222 4269.54402941744,2346.86307022676 4249.18108770353,2351.75178000465 4229.10190799456,2357.69950400222 4209.36152592642,2364.6899399214 4190.01404851422,2372.70392746324 4171.11250584872,2381.71950084493 4152.70870574454,2391.7119490065 4134.85309173853,2402.65388334211 4117.59460482755,2414.5153127703 4100.9805493246,2427.26372593749 4085.056463201,2440.86418032932 4069.86599326992,2455.27939804566 4055.45077555358,2470.46986797674 4041.85032116175,2486.39395410035 4029.10190799456,2503.00800960329 4017.24047856637,2520.26649651427 4006.29854423076,2538.12211052028 3996.30609606919,2556.52591062446 3987.2905226875,2575.42745328996 3979.27653514566,2594.77493070216 3972.28609922648,2614.5153127703 3966.33837522891,2634.59449247927 3961.44966545102,2654.95743419318 3957.63336950648,2675.54832450419 3954.89994759723,2696.31072521322 3953.25689184271,2717.1877280231 3952.70870574454,2738.12211052028 3953.25689184271,2759.05649301746 3954.89994759723,2779.93349582734 3957.63336950648,2800.69589653637 3961.44966545102,2821.28678684738 3966.33837522891,2841.64972856129 3972.28609922648,2861.72890827026 3979.27653514566,2881.4692903384 3987.2905226875,2900.8167677506 3996.30609606919,2919.7183104161 4006.29854423076,2938.12211052028 4017.24047856637,2955.97772452629 4029.10190799456,2973.23621143727 4041.85032116175,2989.85026694021 4055.45077555358,3005.77435306382 4069.86599326992,3020.9648229949 4085.056463201,3035.38004071124 4100.9805493246,3048.98049510307 4117.59460482755,3061.72890827026 4134.85309173853,3073.59033769845 4152.70870574454,3084.53227203405 4171.11250584872,3094.52472019563 4190.01404851422,3103.54029357732 4209.36152592642,3111.55428111916 4229.10190799456,3118.54471703834 4249.18108770353,3124.49244103591 4269.54402941743,3129.3811508138 4272.43901370208,3129.91770443621</gml:coordinates></gml:LinearRing></gml:outerBoundaryIs></gml:Polygon></ogr:geometryProperty>
    </ogr:road_buffer>
  </gml:featureMember>
  <gml:featureMember>
    <ogr:road_buffer fid="road_buffer.4">
      <ogr:geometryProperty><gml:Polygon srsName="EPSG:31370"><gml:outerBoundaryIs><gml:LinearRing><gml:coordinates>4861.99740522056,4383.53633238473 4876.61752496652,4395.27358125438 4891.77157699909,4406.312857472 4907.42626872666,4416.62990837473 4923.54720768064,4426.20206798773 5096.37943253452,4523.42019446804 5114.48072736388,4533.0006165699 5133.04865910014,4541.64198643739 5152.03455175218,4549.32165064583 5238.45066417913,4581.72769280594 5242.20281557982,4583.11339117371 5479.84712475391,4669.52950360065 5490.05324358188,4673.08545342548 5583.23487662966,4704.14599777474 5730.4561144168,4756.72501127014 5749.07701374068,4762.86505722783 5767.97642320151,4768.08524669034 5774.71105233585,4769.76890397392 5875.32827974548,4816.20762431683 5977.75961445701,4867.4232916726 5989.02178167229,4872.83616907281 6123.77460297296,4935.02977890389 6247.80996579122,4997.04746031301 6269.69995519999,5007.17932793495 6292.16084519192,5015.97334855097 6388.9612261624,5050.54491318328 6529.28090401642,5152.85663524248 6546.51927927129,5164.74727429631 6564.35633789721,5175.71943078954 6582.74318975632,5185.74303080388 6601.62943776574,5194.79060034842 6620.96331603243,5202.83734066392 6640.69183173994,5209.86119619452 6660.76091039804,5215.84291504042 6681.11554405711,5220.76610172604 6701.69994208112,5224.61726213889 6722.45768406589,5227.38584051597 6743.3318744835,5229.06424837638 6764.26529862895,5229.64788532086 6785.20057944173,5229.13515164109 6806.08033477232,5227.52745270446 6826.84733466271,5224.829195102 6847.44465820967,5221.04777457025 6867.81584958108,5216.19355572004 6887.90507275737,5210.27984362783 6907.6572645742,5203.32284736741 6927.01828564676,5195.34163558194 6945.93506876204,5186.35808421817 6964.35576433244,5176.39681656594 6982.22988251178,5165.4851357675 6999.50843158457,5153.65294998144 7016.1440522488,5140.93269040657 7032.09114742456,5127.3592223902 7047.30600723245,5112.96974986468 7061.74692879931,5097.80371337401 7075.37433056289,5081.90268197004 7088.1508607622,5065.31023927456 7100.04149981603,5048.07186401969 7111.01365630926,5030.23480539377 7121.0372563236,5011.84795353466 7130.08482586813,4992.96170552524 7138.13156618364,4973.62782725856 7145.15542171424,4953.89931155104 7151.13714056013,4933.83023289294 7156.06032724576,4913.47559923387 7159.91148765861,4892.89120120986 7162.68006603569,4872.13345922509 7164.3584738961,4851.25926880749 7164.94211084058,4830.32584466203 7164.42937716081,4809.39056384925 7162.82167822418,4788.51080851866 7160.12342062172,4767.74380862827 7156.34200008997,4747.14648508131 7151.48778123976,4726.7752937099 7145.57406914755,4706.68607053361 7138.61707288712,4686.93387871678 7130.63586110166,4667.57285764423 7121.65230973789,4648.65607452894 7111.69104208566,4630.23537895854 7100.77936128722,4612.3612607792 7088.94717550116,4595.08271170641 7076.22691592629,4578.44709104218 7062.65344790992,4562.49999586642 7048.2639753844,4547.28513605853 7033.09793889373,4532.84421449167 7017.19690748976,4519.21681272809 7000.60446479428,4506.44028252878 6813.58538112727,4370.07847782303 6794.65610281635,4357.0917366945 6775.01299836983,4345.21228088984 6754.72076395097,4334.47923636363 6733.84623368542,4324.92795327158 6712.4581595376,4316.58988954195 6583.97682302719,4270.70369793108 6475.95667355075,4216.69362319287 6464.69450633548,4211.28074579266 6329.94168503482,4149.08713596158 6227.51035032329,4097.87146860582 6216.24818310802,4092.45859120561 6075.82200041424,4027.6465068854 6058.62644142889,4020.1936415252 6041.10066310625,4013.55439871587 6023.28313808426,4007.74335294193 6005.21297944408,4002.77326062745 5981.04375525786,3996.73095458089 5848.29703526817,3949.32141172744 5840.25358287562,3946.54485714516 5748.16253811125,3915.84784222371 5517.47680590884,3831.96212142283 5461.75756306099,3811.06740535489 5348.53697358047,3747.38082377209 5172.06773483279,3598.7751490372 5155.70168497386,3585.70987864002 5138.67428079766,3573.51904661113 5121.03219323548,3562.23606717375 5102.82377802302,3551.89186619023 5084.09894316075,3542.51479639647 5064.90901211947,3534.13055968898 5045.3065831663,3526.76213667778 5025.34538519643,3520.42972369818 5005.08013046603,3515.150677454 4984.56636462968,3510.93946744404 4963.86031449366,3507.80763630224 4943.01873390211,3505.76376816005 4922.09874817878,3504.81346511799 4901.15769755038,3504.95933189064 4880.25297998111,3506.20096866732 4859.44189384874,3508.53497220792 4838.78148089381,3511.95494517099 4818.32836987214,3516.45151364833 4798.13862133935,3522.01235285832 4778.26757399282,3528.6222209272 4758.76969299208,3536.26300066605 4739.69842067369,3544.9137492287 4721.10603006945,3554.55075551465 4703.04348162964,3565.14760515953 4685.56028354405,3576.67525293504 4668.70435604338,3589.10210235991 4652.52190005326,3602.39409230365 4637.05727056074,3616.51479034572 4622.35285504033,3631.42549263432 4608.44895727286,3647.08532997091 4595.38368687568,3663.45137982983 4583.19285484679,3680.47878400604 4571.90987540941,3698.12087156822 4561.56567442589,3716.32928678068 4552.18860463213,3735.05412164295 4543.80436792464,3754.24405268422 4536.43594491344,3773.8464816374 4530.10353193384,3793.80767960727 4524.82448568966,3814.07293433767 4520.6132756797,3834.58670017402 4517.4814445379,3855.29275031004 4515.43757639571,3876.13433090158 4514.48727335365,3897.05431662492 4514.6331401263,3917.99536725331 4515.87477690298,3938.90008482259 4518.20878044358,3959.71117095496 4521.62875340665,3980.37158390989 4526.12532188399,4000.82469493156 4531.68616109398,4021.01444346434 4538.29602916286,4040.88549081088 4545.93680890171,4060.38337181162 4554.58755746436,4079.45464413001 4564.22456375031,4098.04703473425 4574.82141339519,4116.10958317405 4586.3490611707,4133.59278125965 4598.77591059557,4150.44870876032 4612.0679005393,4166.63116475044 4626.18859858138,4182.09579424295 4641.09930086998,4196.80020976337 4656.75913820656,4210.70410753084 4861.99740522056,4383.53633238473</gml:coordinates></gml:LinearRing></gml:outerBoundaryIs></gml:Polygon></ogr:geometryProperty>
    </ogr:road_buffer>
  </gml:featureMember>
  <gml:featureMember>
    <ogr:road_buffer fid="road_buffer.5">
      <ogr:geometryProperty><gml:Polygon srsName="EPSG:31370"><gml:outerBoundaryIs><gml:LinearRing><gml:coordinates>7869.31632543336,4462.52492647913 7894.10967135861,4214.59146722663 7895.14692664381,4202.31081626436 7916.75095475054,3889.05240871669 7917.69882338135,3861.53157207055 7917.69882338135,3644.14680735535 7966.91370714863,3329.17155124475 7969.60387734727,3308.40350215875 7971.20344505293,3287.52312233243 7971.70802596172,3266.58764343552 7971.11623705244,3245.65444816048 7969.42970037735,3224.78091294049 7966.65303861625,3204.0242506847 7962.79386240602,3183.44135396158 7957.86274948041,3163.08863906034 7951.87321567719,3143.02189135782 7944.84167789218,3123.29611241466 7936.78740908171,3103.96536921982 7927.73248543673,3085.08264599673 7917.70172587355,3066.69969897722 7906.72262400691,3048.86691454129 7894.82527279187,3031.63317111154 7882.04228204115,3015.04570518081 7868.40868904385,2999.14998184022 7853.96186253072,2983.98957016257 7838.74140024905,2969.60602378247 7822.78902042798,2956.03876700076 7806.14844743178,2943.32498672523 7788.86529191435,2931.49953054389 7770.98692580363,2920.59481121016 7752.56235245842,2910.64071780176 7733.64207235358,2901.66453379681 7714.27794466174,2893.69086229175 7694.52304511093,2886.74155856592 7674.43152050767,2880.83567017781 7654.05844032435,2875.98938475697 7633.45964575763,2872.21598563487 7612.69159667163,2869.52581543623 7591.81121684531,2867.92624773056 7570.8757379484,2867.42166682178 7549.94254267336,2868.01345573106 7529.06900745337,2869.69999240615 7508.31234519758,2872.47665416725 7487.72944847446,2876.33583037748 7467.37673357322,2881.26694330309 7447.3099858707,2887.25647710631 7427.58420692754,2894.28801489132 7408.2534637327,2902.34228370179 7389.37074050961,2911.39720734677 7370.9877934901,2921.42796690995 7353.15500905417,2932.40706877659 7335.92126562442,2944.30441999163 7319.33379969369,2957.08741074235 7303.4380763531,2970.72100373965 7288.27766467545,2985.16783025278 7273.89411829535,3000.38829253445 7260.32686151364,3016.34067235552 7247.61308123811,3032.98124535172 7235.78762505677,3050.26440086915 7224.88290572304,3068.14276697987 7214.92881231464,3086.56734032508 7205.95262830969,3105.48762042992 7197.97895680463,3124.85174812176 7191.0296530788,3144.60664767257 7185.12376469069,3164.69817227583 7180.27747926985,3185.07125245915 7176.50408014775,3205.67004702587 7122.49400988091,3551.33449673365 7119.83238974668,3571.82629845859 7118.23257108094,3592.42820953281 7117.69882338135,3613.08524884309 7117.69882338135,3847.75483057111 7097.46668570771,4141.12082683896 7065.67387703052,4459.04891361085 7064.10588845722,4480.58748052522 7063.70260514888,4502.17928025252 7064.46520259682,4523.76137695379 7066.39145797983,4545.27086307248 7069.47575664328,4566.64504269756 7073.70910846468,4587.82161430976 7079.07917405818,4608.73885237821 7143.89125837839,4835.58114749894 7150.16946961101,4855.55945929587 7157.48466082533,4875.18181532245 7165.81678159073,4894.39443206477 7175.14299414334,4913.14464907578 7185.4377359828,4931.38107331397 7196.67278993732,4949.05372000809 7208.81736150495,4966.11414966198 7221.83816325917,4982.5156008238 7235.69950608745,4998.21311825597 7250.36339701258,5013.16367615433 7265.78964332881,5027.32629607889 7281.93596276725,5040.66215927285 7298.75809938864,5053.13471306217 7316.2099448858,5064.70977104388 7334.24366496327,5075.35560678861 7352.80983044783,5085.04304080057 7371.85755277042,5093.74552049649 7391.33462344813,5101.43919298445 7411.18765718407,5108.10297044292 7431.36223819273,5113.71858792109 7451.8030693499,5118.27065340178 7472.45412375819,5121.74668998992 7493.25879831291,5124.13717011085 7514.16006884722,5125.43554162471 7535.10064643142,5125.63824578542 7556.0231343979,5124.74472699498 7576.87018566145,5122.75743432628 7597.58465990363,5119.68181481039 7618.10978019038,5115.52629850662 7638.38928859367,5110.30227539632 7658.36760039059,5104.0240641637 7677.98995641718,5096.70887294938 7697.2025731595,5088.37675218398 7715.95279017051,5079.05053963137 7734.1892144087,5068.75579779191 7751.86186110282,5057.52074383739 7768.92229075671,5045.37617226976 7785.32374191853,5032.35537051554 7801.0212593507,5018.49402768726 7815.97181724906,5003.83013676213 7830.13443717362,4988.4038904459 7843.47030036758,4972.25757100746 7855.9428541569,4955.43543438607 7867.51791213861,4937.98358888891 7878.16374788334,4919.94986881144 7887.85118189529,4901.38370332688 7896.55366159122,4882.33598100429 7904.24733407918,4862.85891032658 7910.91111153765,4843.00587659064 7916.52672901582,4822.83129558198 7921.07879449651,4802.39046442481 7924.55483108465,4781.73941001652 7926.94531120558,4760.9347354618 7928.24368271944,4740.03346492749 7928.44638688015,4719.0928873433 7927.55286808971,4698.17039937682 7925.56557542101,4677.32334811326 7922.48995590512,4656.60887387108 7918.33443960135,4636.08375358434 7913.11041649105,4615.80424518104 7869.31632543336,4462.52492647913</gml:coordinates></gml:LinearRing></gml:outerBoundaryIs></gml:Polygon></ogr:geometryProperty>
    </ogr:road_buffer>
  </gml:featureMember>
  <gml:featureMember>
    <ogr:road_buffer fid="road_buffer.6">
      <ogr:geometryProperty><gml:Polygon srsName="EPSG:31370"><gml:outerBoundaryIs><gml:LinearRing><gml:coordinates>8012.47044373112,2922.72090364402 8014.30485500389,2900.66844751079 8014.91694986167,2878.54829321407 8014.91694986167,2758.91788237395 8022.30983766138,2611.06012637963 8067.72718166839,2482.3776516931 8074.42406875781,2461.61574182044 8079.97910157199,2440.51960926771 8084.37575717972,2419.15200252956 8087.60095813564,2397.57647757551 8089.64511137788,2375.85720880855 8098.66159765334,2240.60991467669 8125.71965115572,2107.52420426088 8129.35335567444,2086.90030865391 8131.90270902935,2066.11450397841 8133.36072362012,2045.22376268018 8133.7234031301,2024.28534482903 8132.98975347996,2003.35664117287 8131.1617855524,1982.4950158337 8128.24450968045,1961.75764907648 8124.24592191449,1941.20138058207 8119.17698210565,1920.88255365356 8113.05158386561,1900.85686078322 8105.88651648518,1881.17919100323 8097.70141891601,1861.90347943869 8088.51872594159,1843.08255947515 8078.36360668509,1824.76801794601 8067.26389562251,1807.01005373657 8055.25001629036,1789.85734019239 8042.35489789679,1773.35689170902 8028.613885065,1757.55393486883 8014.06464095604,1742.49178447806 7998.7470440367,1728.21172484397 7982.70307877542,1714.75289661744 7965.97672056579,1702.15218951111 7948.61381519303,1690.4441411873 7930.66195317387,1679.66084259265 7912.17033931429,1669.83184999907 7893.18965784255,1660.98410399205 7873.77193348723,1653.1418556284 7853.97038888108,1646.32659996578 7833.83929868147,1640.55701714623 7813.43384080735,1635.84892119523 7792.80994520038,1632.21521667652 7772.02414052488,1629.6658633216 7751.13339922665,1628.20784873083 7730.1949813755,1627.84516922085 7709.26627771934,1628.57881887099 7688.40465238017,1630.40678679855 7667.66728562295,1633.3240626705 7647.11101712854,1637.32265043646 7626.79219020003,1642.3915902453 7606.76649732969,1648.51698848534 7587.0888275497,1655.68205586577 7567.81311598516,1663.86715343494 7548.99219602162,1673.04984640936 7530.67765449248,1683.20496566586 7512.91969028304,1694.30467672843 7495.76697673886,1706.31855606059 7479.26652825549,1719.21367445416 7463.4635714153,1732.95468728595 7448.40142102453,1747.50393139491 7434.12136139045,1762.82152831425 7420.66253316391,1778.86549357552 7408.06182605758,1795.59185178515 7396.35377773377,1812.95475715792 7385.57047913912,1830.90661917708 7375.74148654554,1849.39823303666 7366.89374053852,1868.3789145084 7359.05149217487,1887.79663886372 7352.23623651225,1907.59818346987 7346.4666536927,1927.72927366948 7341.7585577417,1948.1347315436 7309.3525155816,2107.52465743988 7306.18473212415,2125.10822597628 7303.80531091422,2142.81571278873 7302.21899914597,2160.61178958901 7295.06791457542,2267.8780581472 7248.52283048188,2399.75579641223 7242.54404874299,2418.09279689159 7237.45612812852,2436.69668039699 7233.27089778098,2455.52419389718 7229.99808813644,2474.53156443316 7227.64530830178,2493.67460088799 7226.21802836389,2512.90879672875 7215.41601431053,2728.94907779611 7214.91694986167,2748.92412457365 7214.91694986167,2856.3942379591 7174.15539977874,3223.24818870536 7172.38841721869,3244.11506799214 7171.71594432811,3265.04582666801 7172.13982430844,3285.98309497834 7173.65889533412,3306.86948532601 7176.26899373707,3327.64774956688 7179.96296541899,3348.26093592294 7184.73068546026,3368.65254508319 7190.55908587164,3388.76668506433 7197.43219141274,3408.54822440679 7205.33116337901,3427.94294328623 7214.23435123735,3446.8976821263 7224.11735196869,3465.36048730539 7234.95307695497,3483.28075355781 7246.71182622721,3500.60936267941 7259.36136987097,3517.29881815707 7272.8670363664,3533.3033753534 7287.19180762039,3548.57916688959 7302.29642043065,3563.08432288284 7318.13947410337,3576.77908570882 7334.67754392966,3589.62591897454 7351.86530020968,3601.58961040297 7369.65563249818,3612.63736834752 7387.99977873094,3622.73891167156 7406.84745887822,3631.86655274699 7426.14701275884,3639.9952733441 7445.84554163708,3647.10279320473 7465.88905321454,3653.16963111098 7486.22260961917,3658.17915828187 7506.79047798625,3662.11764395161 7527.53628321824,3664.97429300476 7548.40316250502,3666.74127556481 7569.33392118089,3667.41374845539 7590.27118949122,3666.98986847506 7611.15757983889,3665.47079744938 7631.93584407976,3662.86069904643 7652.54903043581,3659.16672736451 7672.94063959607,3654.39900732324 7693.05477957721,3648.57060691186 7712.83631891967,3641.69750137076 7732.2310377991,3633.79852940449 7751.18577663918,3624.89534154615 7769.64858181826,3615.01234081481 7787.56884807069,3604.17661582853 7804.89745719229,3592.41786655629 7821.58691266995,3579.76832291253 7837.59146986628,3566.2626564171 7852.86726140247,3551.93788516311 7867.37241739572,3536.83327235285 7881.0671802217,3520.99021868014 7893.91401348742,3504.45214885384 7905.87770491585,3487.26439257382 7916.92546286039,3469.47406028532 7927.02700618444,3451.12991405256 7936.15464725987,3432.28223390528 7944.28336785698,3412.98268002467 7951.39088771761,3393.28415114642 7957.45772562386,3373.24063956896 7962.46725279475,3352.90708316433 7966.40573846449,3332.33921479725 7969.26238751764,3311.59340956526 8012.47044373112,2922.72090364402</gml:coordinates></gml:LinearRing></gml:outerBoundaryIs></gml:Polygon></ogr:geometryProperty>
    </ogr:road_buffer>
  </gml:featureMember>
</ogr:FeatureCollection>
